v 19.209583 7.416842 11.821176
v 20.181705 12.507724 0.089604
v 11.952192 19.159523 7.335908
v 11.821176 19.209583 7.416842
v 0.089604 20.181705 12.507724
v 7.335908 11.952192 19.159523
v 7.416842 11.821176 19.209583
v 12.507724 0.089604 20.181705
v 19.159523 7.335908 11.952192
v 11.899233 19.159945 7.411865
v 7.412035 11.898957 19.160051
v 19.159945 7.411865 11.899234
v -19.209583 7.416842 -11.821176
v -20.181705 12.507724 -0.089604
v -11.952192 19.159523 -7.335908
v -11.821176 19.209583 -7.416842
v -0.089604 20.181705 -12.507724
v -7.335908 11.952192 -19.159523
v -7.416842 11.821176 -19.209583
v -12.507724 0.089604 -20.181705
v -19.159523 7.335908 -11.952192
v -11.899233 19.159945 -7.411865
v -7.412035 11.898957 -19.160051
v -19.159945 7.411865 -11.899234
v 11.922222 -19.208040 -7.257384
v 20.147640 -12.562842 0.000420
v 11.922191 -19.208065 7.257364
v 11.791198 -19.258087 7.338361
v 0.055118 -20.237503 12.417440
v 0.048543 -23.743397 0.080954
v 0.048504 -23.743399 -0.080977
v 0.055798 -20.237244 -12.417861
v 11.791204 -19.258099 -7.338317
v 11.841497 -19.253363 7.260713
v 0.093417 -23.740730 -0.000341
v 11.841497 -19.253363 -7.260713
v -19.208040 7.257384 -11.922222
v -12.562842 -0.000420 -20.147640
v -19.208065 -7.257364 -11.922191
v -19.258087 -7.338361 -11.791198
v -20.237503 -12.417440 -0.055118
v -23.743397 -0.080954 -0.048543
v -23.743399 0.080977 -0.048504
v -20.237244 12.417861 -0.055798
v -19.258099 7.338317 -11.791204
v -19.253363 -7.260713 -11.841497
v -23.740730 0.000341 -0.093417
v -19.253363 7.260713 -11.841497
v 11.952200 19.159536 -7.335865
v 20.182125 12.507044 -0.089863
v 19.209555 7.416862 -11.821206
v 19.159536 7.335865 -11.952200
v 12.507044 0.089863 -20.182125
v 7.416862 11.821206 -19.209555
v 7.335865 11.952200 -19.159536
v 0.089863 20.182125 -12.507044
v 11.821206 19.209555 -7.416862
v 19.159945 7.411865 -11.899233
v 7.411694 11.899508 -19.159840
v 11.899232 19.159945 -7.411865
v -19.209583 -7.416842 11.821176
v -20.181705 -12.507724 0.089604
v -11.952192 -19.159523 7.335908
v -11.821176 -19.209583 7.416842
v -0.089604 -20.181705 12.507724
v -7.335908 -11.952192 19.159523
v -7.416842 -11.821176 19.209583
v -12.507724 -0.089604 20.181705
v -19.159523 -7.335908 11.952192
v -11.899233 -19.159945 7.411865
v -7.412035 -11.898957 19.160051
v -19.159945 -7.411865 11.899234
v -11.922222 -19.208040 7.257384
v -20.147640 -12.562842 -0.000420
v -11.922191 -19.208065 -7.257364
v -11.791198 -19.258087 -7.338361
v -0.055118 -20.237503 -12.417440
v -0.048543 -23.743397 -0.080954
v -0.048504 -23.743399 0.080977
v -0.055798 -20.237244 12.417861
v -11.791204 -19.258099 7.338317
v -11.841497 -19.253363 -7.260713
v -0.093417 -23.740730 0.000341
v -11.841497 -19.253363 7.260713
v 7.257384 11.922222 19.208040
v -0.000420 20.147640 12.562842
v -7.257364 11.922191 19.208065
v -7.338361 11.791198 19.258087
v -12.417440 0.055118 20.237503
v -0.080954 0.048543 23.743397
v 0.080977 0.048504 23.743399
v 12.417861 0.055798 20.237244
v 7.338317 11.791204 19.258099
v -7.260713 11.841497 19.253363
v 0.000341 0.093417 23.740730
v 7.260713 11.841497 19.253363
v 11.952200 -19.159536 7.335865
v 20.182125 -12.507044 0.089863
v 19.209555 -7.416862 11.821206
v 19.159536 -7.335865 11.952200
v 12.507044 -0.089863 20.182125
v 7.416862 -11.821206 19.209555
v 7.335865 -11.952200 19.159536
v 0.089863 -20.182125 12.507044
v 11.821206 -19.209555 7.416862
v 19.159945 -7.411865 11.899233
v 7.411694 -11.899508 19.159840
v 11.899232 -19.159945 7.411865
v -11.952200 -19.159536 -7.335865
v -20.182125 -12.507044 -0.089863
v -19.209555 -7.416862 -11.821206
v -19.159536 -7.335865 -11.952200
v -12.507044 -0.089863 -20.182125
v -7.416862 -11.821206 -19.209555
v -7.335865 -11.952200 -19.159536
v -0.089863 -20.182125 -12.507044
v -11.821206 -19.209555 -7.416862
v -19.159945 -7.411865 -11.899233
v -7.411694 -11.899508 -19.159840
v -11.899232 -19.159945 -7.411865
v 19.208040 7.257384 11.922222
v 12.562842 -0.000420 20.147640
v 19.208065 -7.257364 11.922191
v 19.258087 -7.338361 11.791198
v 20.237503 -12.417440 0.055118
v 23.743397 -0.080954 0.048543
v 23.743399 0.080977 0.048504
v 20.237244 12.417861 0.055798
v 19.258099 7.338317 11.791204
v 19.253363 -7.260713 11.841497
v 23.740730 0.000341 0.093417
v 19.253363 7.260713 11.841497
v -7.257384 -11.922222 19.208040
v 0.000420 -20.147640 12.562842
v 7.257364 -11.922191 19.208065
v 7.338361 -11.791198 19.258087
v 12.417440 -0.055118 20.237503
v 0.080954 -0.048543 23.743397
v -0.080977 -0.048504 23.743399
v -12.417861 -0.055798 20.237244
v -7.338317 -11.791204 19.258099
v 7.260713 -11.841497 19.253363
v -0.000341 -0.093417 23.740730
v -7.260713 -11.841497 19.253363
v 19.209583 -7.416842 -11.821176
v 20.181705 -12.507724 -0.089604
v 11.952192 -19.159523 -7.335908
v 11.821176 -19.209583 -7.416842
v 0.089604 -20.181705 -12.507724
v 7.335908 -11.952192 -19.159523
v 7.416842 -11.821176 -19.209583
v 12.507724 -0.089604 -20.181705
v 19.159523 -7.335908 -11.952192
v 11.899233 -19.159945 -7.411865
v 7.412035 -11.898957 -19.160051
v 19.159945 -7.411865 -11.899234
v 11.922222 19.208040 7.257384
v 20.147640 12.562842 -0.000420
v 11.922191 19.208065 -7.257364
v 11.791198 19.258087 -7.338361
v 0.055118 20.237503 -12.417440
v 0.048543 23.743397 -0.080954
v 0.048504 23.743399 0.080977
v 0.055798 20.237244 12.417861
v 11.791204 19.258099 7.338317
v 11.841497 19.253363 -7.260713
v 0.093417 23.740730 0.000341
v 11.841497 19.253363 7.260713
v 19.208040 -7.257384 -11.922222
v 12.562842 0.000420 -20.147640
v 19.208065 7.257364 -11.922191
v 19.258087 7.338361 -11.791198
v 20.237503 12.417440 -0.055118
v 23.743397 0.080954 -0.048543
v 23.743399 -0.080977 -0.048504
v 20.237244 -12.417861 -0.055798
v 19.258099 -7.338317 -11.791204
v 19.253363 7.260713 -11.841497
v 23.740730 -0.000341 -0.093417
v 19.253363 -7.260713 -11.841497
v -7.257384 11.922222 -19.208040
v 0.000420 20.147640 -12.562842
v 7.257364 11.922191 -19.208065
v 7.338361 11.791198 -19.258087
v 12.417440 0.055118 -20.237503
v 0.080954 0.048543 -23.743397
v -0.080977 0.048504 -23.743399
v -12.417861 0.055798 -20.237244
v -7.338317 11.791204 -19.258099
v 7.260713 11.841497 -19.253363
v -0.000341 0.093417 -23.740730
v -7.260713 11.841497 -19.253363
v -11.952200 19.159536 7.335865
v -20.182125 12.507044 0.089863
v -19.209555 7.416862 11.821206
v -19.159536 7.335865 11.952200
v -12.507044 0.089863 20.182125
v -7.416862 11.821206 19.209555
v -7.335865 11.952200 19.159536
v -0.089863 20.182125 12.507044
v -11.821206 19.209555 7.416862
v -19.159945 7.411865 11.899233
v -7.411694 11.899508 19.159840
v -11.899232 19.159945 7.411865
v -11.922222 19.208040 -7.257384
v -20.147640 12.562842 0.000420
v -11.922191 19.208065 7.257364
v -11.791198 19.258087 7.338361
v -0.055118 20.237503 12.417440
v -0.048543 23.743397 0.080954
v -0.048504 23.743399 -0.080977
v -0.055798 20.237244 -12.417861
v -11.791204 19.258099 -7.338317
v -11.841497 19.253363 7.260713
v -0.093417 23.740730 -0.000341
v -11.841497 19.253363 -7.260713
v -19.208040 -7.257384 11.922222
v -12.562842 0.000420 20.147640
v -19.208065 7.257364 11.922191
v -19.258087 7.338361 11.791198
v -20.237503 12.417440 0.055118
v -23.743397 0.080954 0.048543
v -23.743399 -0.080977 0.048504
v -20.237244 -12.417861 0.055798
v -19.258099 -7.338317 11.791204
v -19.253363 7.260713 11.841497
v -23.740730 -0.000341 0.093417
v -19.253363 -7.260713 11.841497
v 7.257384 -11.922222 -19.208040
v -0.000420 -20.147640 -12.562842
v -7.257364 -11.922191 -19.208065
v -7.338361 -11.791198 -19.258087
v -12.417440 -0.055118 -20.237503
v -0.080954 -0.048543 -23.743397
v 0.080977 -0.048504 -23.743399
v 12.417861 -0.055798 -20.237244
v 7.338317 -11.791204 -19.258099
v -7.260713 -11.841497 -19.253363
v 0.000341 -0.093417 -23.740730
v 7.260713 -11.841497 -19.253363
f 1 2 3
f 4 5 6
f 7 8 9
f 10 11 12
f 13 14 15
f 16 17 18
f 19 20 21
f 22 23 24
f 25 26 27
f 28 29 30
f 31 32 33
f 34 35 36
f 37 38 39
f 40 41 42
f 43 44 45
f 46 47 48
f 49 50 51
f 52 53 54
f 55 56 57
f 58 59 60
f 61 62 63
f 64 65 66
f 67 68 69
f 70 71 72
f 73 74 75
f 76 77 78
f 79 80 81
f 82 83 84
f 85 86 87
f 88 89 90
f 91 92 93
f 94 95 96
f 97 98 99
f 100 101 102
f 103 104 105
f 106 107 108
f 109 110 111
f 112 113 114
f 115 116 117
f 118 119 120
f 121 122 123
f 124 125 126
f 127 128 129
f 130 131 132
f 133 134 135
f 136 137 138
f 139 140 141
f 142 143 144
f 145 146 147
f 148 149 150
f 151 152 153
f 154 155 156
f 157 158 159
f 160 161 162
f 163 164 165
f 166 167 168
f 169 170 171
f 172 173 174
f 175 176 177
f 178 179 180
f 181 182 183
f 184 185 186
f 187 188 189
f 190 191 192
f 193 194 195
f 196 197 198
f 199 200 201
f 202 203 204
f 205 206 207
f 208 209 210
f 211 212 213
f 214 215 216
f 217 218 219
f 220 221 222
f 223 224 225
f 226 227 228
f 229 230 231
f 232 233 234
f 235 236 237
f 238 239 240
f 129 2 1
f 128 2 129
f 1 10 12
f 3 10 1
f 9 122 121
f 8 122 9
f 12 7 9
f 11 7 12
f 121 130 132
f 123 130 121
f 132 127 129
f 131 127 132
f 158 3 2
f 157 3 158
f 50 159 158
f 49 159 50
f 173 51 50
f 172 51 173
f 128 174 173
f 127 174 128
f 165 5 4
f 164 5 165
f 4 11 10
f 6 11 4
f 157 166 168
f 159 166 157
f 168 163 165
f 167 163 168
f 86 6 5
f 85 6 86
f 200 87 86
f 199 87 200
f 164 210 209
f 163 210 164
f 209 201 200
f 208 201 209
f 93 8 7
f 92 8 93
f 85 94 96
f 87 94 85
f 96 91 93
f 95 91 96
f 92 138 137
f 91 138 92
f 101 123 122
f 100 123 101
f 137 102 101
f 136 102 137
f 45 14 13
f 44 14 45
f 13 22 24
f 15 22 13
f 21 38 37
f 20 38 21
f 24 19 21
f 23 19 24
f 37 46 48
f 39 46 37
f 48 43 45
f 47 43 48
f 206 15 14
f 205 15 206
f 44 222 221
f 43 222 44
f 194 207 206
f 193 207 194
f 221 195 194
f 220 195 221
f 213 17 16
f 212 17 213
f 16 23 22
f 18 23 16
f 205 214 216
f 207 214 205
f 216 211 213
f 215 211 216
f 182 18 17
f 181 18 182
f 56 183 182
f 55 183 56
f 161 57 56
f 160 57 161
f 212 162 161
f 211 162 212
f 189 20 19
f 188 20 189
f 181 190 192
f 183 190 181
f 192 187 189
f 191 187 192
f 113 39 38
f 112 39 113
f 233 114 113
f 232 114 233
f 188 234 233
f 187 234 188
f 147 26 25
f 146 26 147
f 25 34 36
f 27 34 25
f 33 149 148
f 32 149 33
f 36 31 33
f 35 31 36
f 154 145 147
f 156 145 154
f 148 155 154
f 150 155 148
f 98 27 26
f 97 27 98
f 125 99 98
f 124 99 125
f 176 126 125
f 175 126 176
f 146 177 176
f 145 177 146
f 105 29 28
f 104 29 105
f 28 35 34
f 30 35 28
f 97 106 108
f 99 106 97
f 108 103 105
f 107 103 108
f 80 30 29
f 79 30 80
f 65 81 80
f 64 81 65
f 134 66 65
f 133 66 134
f 104 135 134
f 103 135 104
f 78 32 31
f 77 32 78
f 83 76 78
f 82 76 83
f 79 84 83
f 81 84 79
f 77 117 116
f 76 117 77
f 116 231 230
f 115 231 116
f 230 150 149
f 229 150 230
f 111 41 40
f 110 41 111
f 40 47 46
f 42 47 40
f 118 109 111
f 120 109 118
f 112 119 118
f 114 119 112
f 224 42 41
f 223 42 224
f 62 225 224
f 61 225 62
f 74 63 62
f 73 63 74
f 110 75 74
f 109 75 110
f 227 220 222
f 226 220 227
f 223 228 227
f 225 228 223
f 49 58 60
f 51 58 49
f 60 55 57
f 59 55 60
f 160 167 166
f 162 167 160
f 171 53 52
f 170 53 171
f 52 59 58
f 54 59 52
f 178 169 171
f 180 169 178
f 172 179 178
f 174 179 172
f 185 54 53
f 184 54 185
f 152 237 236
f 151 237 152
f 170 153 152
f 169 153 170
f 236 186 185
f 235 186 236
f 184 191 190
f 186 191 184
f 61 70 72
f 63 70 61
f 69 218 217
f 68 218 69
f 72 67 69
f 71 67 72
f 217 226 228
f 219 226 217
f 64 71 70
f 66 71 64
f 73 82 84
f 75 82 73
f 141 68 67
f 140 68 141
f 133 142 144
f 135 142 133
f 144 139 141
f 143 139 144
f 89 198 197
f 88 198 89
f 140 90 89
f 139 90 140
f 197 219 218
f 196 219 197
f 120 115 117
f 119 115 120
f 88 95 94
f 90 95 88
f 203 196 198
f 202 196 203
f 199 204 203
f 201 204 199
f 143 136 138
f 142 136 143
f 100 107 106
f 102 107 100
f 124 131 130
f 126 131 124
f 238 229 231
f 240 229 238
f 232 239 238
f 234 239 232
f 175 180 179
f 177 180 175
f 156 151 153
f 155 151 156
f 240 235 237
f 239 235 240
f 215 208 210
f 214 208 215
f 193 202 204
f 195 202 193
f 9 121 132
f 9 132 129
f 9 129 1
f 9 1 12
f 2 128 173
f 2 173 50
f 2 50 158
f 4 10 3
f 4 3 157
f 4 157 168
f 4 168 165
f 200 86 5
f 200 5 164
f 200 164 209
f 96 93 7
f 96 7 11
f 96 11 6
f 96 6 85
f 137 101 122
f 137 122 8
f 137 8 92
f 45 13 24
f 45 24 21
f 45 21 37
f 45 37 48
f 221 194 206
f 221 206 14
f 221 14 44
f 205 216 213
f 205 213 16
f 205 16 22
f 205 22 15
f 212 161 56
f 212 56 182
f 212 182 17
f 23 18 181
f 23 181 192
f 23 192 189
f 23 189 19
f 20 188 233
f 20 233 113
f 20 113 38
f 148 154 147
f 148 147 25
f 148 25 36
f 148 36 33
f 146 176 125
f 146 125 98
f 146 98 26
f 28 34 27
f 28 27 97
f 28 97 108
f 28 108 105
f 80 29 104
f 80 104 134
f 80 134 65
f 78 31 35
f 78 35 30
f 78 30 79
f 78 79 83
f 116 230 149
f 116 149 32
f 116 32 77
f 46 39 112
f 46 112 118
f 46 118 111
f 46 111 40
f 41 110 74
f 41 74 62
f 41 62 224
f 222 43 47
f 222 47 42
f 222 42 223
f 222 223 227
f 160 166 159
f 160 159 49
f 160 49 60
f 160 60 57
f 58 51 172
f 58 172 178
f 58 178 171
f 58 171 52
f 185 53 170
f 185 170 152
f 185 152 236
f 183 55 59
f 183 59 54
f 183 54 184
f 183 184 190
f 225 61 72
f 225 72 69
f 225 69 217
f 225 217 228
f 73 84 81
f 73 81 64
f 73 64 70
f 73 70 63
f 71 66 133
f 71 133 144
f 71 144 141
f 71 141 67
f 68 140 89
f 68 89 197
f 68 197 218
f 109 120 117
f 109 117 76
f 109 76 82
f 109 82 75
f 198 88 94
f 198 94 87
f 198 87 199
f 198 199 203
f 139 143 138
f 139 138 91
f 139 91 95
f 139 95 90
f 106 99 124
f 106 124 130
f 106 130 123
f 106 123 100
f 135 103 107
f 135 107 102
f 135 102 136
f 135 136 142
f 114 232 238
f 114 238 231
f 114 231 115
f 114 115 119
f 175 179 174
f 175 174 127
f 175 127 131
f 175 131 126
f 153 169 180
f 153 180 177
f 153 177 145
f 153 145 156
f 240 237 151
f 240 151 155
f 240 155 150
f 240 150 229
f 210 163 167
f 210 167 162
f 210 162 211
f 210 211 215
f 187 191 186
f 187 186 235
f 187 235 239
f 187 239 234
f 193 204 201
f 193 201 208
f 193 208 214
f 193 214 207
f 226 219 196
f 226 196 202
f 226 202 195
f 226 195 220

